Webots Project File version R2023b
perspectives: 000000ff00000000fd0000000300000000000001ca0000039ffc0200000001fb00000012005300630065006e0065005400720065006501000000000000039f0000000000000000000000010000023a00000395fc0200000001fb0000001400540065007800740045006400690074006f00720000000016000003950000003f00ffffff00000003000004f400000039fc0100000002fb0000000e0043006f006e0073006f006c006501000001d0000005b00000000000000000fb0000001a0043006f006e0073006f006c00650041006c006c0041006c006c0100000000000004f40000006900ffffff000004f40000017800000004000000040000000100000008fc00000000
simulationViewPerspectives: 000000ff00000001000000020000016c000003d60100000002010000000101
sceneTreePerspectives: 000000ff00000001000000030000001c000000c0000000fa0100000002010000000201
maximizedDockId: -1
centralWidgetVisible: 1
orthographicViewHeight: 1
textFiles: -1
consoles: Console:All:All
renderingDevicePerspectives: BlueForward:CameraBottom;0;0.133333;0;0
renderingDevicePerspectives: BlueForward:CameraTop;0;0.0666667;0;0
